0.22815007935419396 0.23799729701194944 
0.9800014064121692 0.6950301487615054 
0.34344546713776236 0.8731001535706535 
0.9628551066359179 0.2601566403575709 
0.5269799173644816 0.3566628943797392 
0.05761932792884017 0.82360814873976 
0.7203922785550918 0.790664890591961 
0.16981454162342435 0.4650096241102283 
0.7101485820375857 0.2651099186486975 
0.4987965830616375 0.08553255933925058 
0.7770896245185608 0.5730887415470247 
0.25680904051741227 0.6671177863182379 
0.7987128326237622 0.05363695263056106 
0.18469969498172462 0.11784286189242293 
0.43306051660731715 0.639946974569101 
0.8449664259298522 0.9069288194714638 
0.892668397254782 0.40071868526478727 
0.6363837435191939 0.9875769982419265 
0.049112503167048405 0.3221554725021658 
0.6167217400828651 0.6121144607929292 
0.5986002217020032 0.7541874215432651 
0.08460958767096699 0.643495348093462 
0.06277149319830466 0.1251840272392935 
0.39254823555579005 0.4117416093374511 
0.33980981816127154 0.11920487867241547 
0.16397711384554953 0.943686583298592 
0.4366362353643133 0.9889338156095211 
0.7201541150497669 0.3789992863677688 
0.905332626192534 0.06929047639763292 
0.5654697030420239 0.8969112244800193 
0.9220845443559258 0.8530594952405093 
0.6548283837692848 0.11884083251835814 
0.18629788852053525 0.8019116931653534 
0.34847141092231826 0.2807900000634683 
0.05463810394540186 0.4964777509534486 
0.5678947893341733 0.5232657376495091 
0.4617805489042998 0.5189274938864497 
0.5137502254691674 0.16943744793885562 
0.06466503207524588 0.9214552241388345 
0.45721470383764307 0.8017141318222085 
0.28312477566372907 0.3786349639011154 
0.8625202005438051 0.6624032236293631 
0.9686317659532327 0.529799949624174 
0.905661800591764 0.930435396890005 
0.044208653945584764 0.21720341094133588 
0.3227799786359633 0.4835525485326874 
0.6375637577451643 0.29328736765905494 
0.13849385583858004 0.017019872063208874 
0.863350844615419 0.26085918193498386 
0.32483021404279694 0.7858307114446546 
0.7702913218347336 0.1500684860337808 
0.8471365391185697 0.7193008696914116 
0.2802966857439931 0.5734229694495343 
0.7306231488585349 0.6878759589827291 
0.1419211007464004 0.27312426714727367 
0.4503433078493385 0.2805258315221486 
0.68090951287469 0.5008654411322767 
0.9568319561927061 0.10770002823710911 
0.4230112409492991 0.018732440822323948 
0.5729297457595879 0.04290620041641796 
0.13317596167785584 0.5230285679470809 
0.3399073863424954 0.937298770864332 
0.5119553750240852 0.6698699101679323 
0.296729695049555 0.05643887717165419 
0.38631210274317895 0.6984257457653095 
0.681055417447161 0.9109573734356788 
0.16793148626742127 0.6866975989999464 
0.3998066269741293 0.15578716056301573 
0.9824865069756548 0.32436099550919995 
0.6350786323468821 0.35324956576142075 
0.7841707966625936 0.4973437799947334 
0.681146252079218 0.012736848710036774 
0.4257929373285236 0.9063087705965163 
0.0892923928932946 0.3719347159182044 
0.6810970241702697 0.8176018113558321 
0.24730472089927386 0.8942999744103204 
0.22410188006250553 0.3351451400875171 
0.9005272309714021 0.4888244024203996 
0.09971191217484421 0.06644030000230944 
0.5409188676960321 0.4239897268196937 
0.821702033956158 0.9625312985034002 
0.06710915545731144 0.7221247514584251 
0.7772393761607512 0.407236809547013 
0.8970281874652801 0.13789699058641514 
0.6816961643190844 0.6252908742317425 
0.4961776288011069 0.9876413434626725 
0.5764512772645337 0.22882967412764754 
0.42333152231403837 0.6031943532837534 
0.806672491083346 0.22473787097640907 
0.16449344143390204 0.6273811092217427 
0.9302311010853357 0.9571431265174515 
0.7829374207789379 0.8216742726483885 
0.29975133932230746 0.17781130588834515 
0.9488202583308273 0.5882767574094533 
0.013267726910555555 0.058043677471713406 
0.8588902980728377 0.8097247128159215 
0.9059342059451316 0.7613259686875238 
0.23035382544640187 0.01899864967269904 
0.5760714521434919 0.859168174528917 
0.3387908284514225 0.5486576576793699 
0.11705687108903007 0.7682319939945645 
0.6867320171267545 0.2105710972420884 
0.12950076426748108 0.8652380888070179 
0.6096879303453132 0.4637052036322078 
0.8937323795207766 0.2012262853503623 
0.9877598080820555 0.4444353915993189 
0.8239526391907286 0.6248995487463708 
0.06814199336053112 0.5766986518671986 
0.9539962251415737 0.011527682655500693 
0.2796459223497122 0.7847983805520313 
0.12217104805337653 0.17068527076954032 
0.6276273134489272 0.6824750756993648 
0.5332421804760732 0.5756355323782294 
0.496189854610653 0.3659514897494156 
0.12284250273155423 0.3451643895038865 
0.4416448725342927 0.7381842387245826 
0.8438100416084764 0.3362479874214007 
0.39759896698053226 0.0848599808316799 
0.8949105025719665 0.5767286410566039 
0.07300545766195182 0.9875865662385852 
0.2269971709721066 0.5484551107880732 
0.5122162047766078 0.8252252607033794 
0.3600485902047178 0.32339131174815094 
0.014006002048567279 0.3707319004422571 
0.4163689936645635 0.23249726981305657 
0.599397893427651 0.18309302877643974 
0.7494384976190033 0.3475291335623443 
0.3967799449786048 0.8204317520842876 
0.25417534992309404 0.959644832340951 
0.9857419331184967 0.7900970728829964 
0.6886648929866241 0.5404041691672957 
0.7481709208671796 0.05926821319383163 
0.7623805261906287 0.9387904823361817 
0.008684878792671769 0.8548289634642099 
0.28842225029731616 0.6558733806473973 
0.17551331944676096 0.7446206758184153 
0.23583516461895027 0.1613702117635923 
0.42315254546109293 0.4166067198099453 
0.7282690142316154 0.46829995574574723 
0.6214428889214874 0.05075687605942503 
0.511009348257535 0.7553875472836015 
0.5564655952646004 0.2944461642250479 
0.03234962597343116 0.45752954468417706 
0.8250132654806903 0.188413386622303 
0.015156934592998272 0.6086649113215917 
0.8423434387411948 0.41684371512296053 
0.34458069444005024 0.2252912764591452 
0.15236373460539626 0.21941910220869965 
0.1152207789093051 0.39217859324723375 
0.962511034724802 0.9052001468566783 
0.5904537974488263 0.12554609008410605 
0.19442164919172678 0.3927884307263121 
0.8390656515505539 0.48650936769043474 
0.504172877538298 0.9028940401455333 
0.28574272679878104 0.7226800100745008 
0.6918366791015231 0.7267238938988758 
0.5110330521809097 0.5575843302263308 
0.2953225246302632 0.2876174022273336 
0.6885333838923403 0.8494287727031749 
0.9086559234924682 0.2726137330104521 
0.2414689512728631 0.4582628808809815 
0.5811280136547133 0.9554349566661706 
0.986700253024156 0.1847027837858483 
0.9101636211263613 0.335295677493418 
0.6589891259755465 0.42158695703810894 
0.3995414778719492 0.470709682935387 
0.4749379462340731 0.2111787915924988 
0.8367654520514489 0.09731596403312442 
0.4943221242618061 0.4928439383718543 
0.6795608233052486 0.06580428648731013 
0.7777612199823694 0.7592882226045603 
0.8602408081739028 0.0158519702042082 
0.7342807035558157 0.12747133215958223 
0.13400891454262015 0.5838318341134388 
0.3214196480681061 0.010952905390732182 
0.01956787433759216 0.7645154710875008 
0.8962607561834661 0.6627088388091059 
0.630924717360511 0.5651282360107978 
0.22616523130363003 0.08982241437749172 
0.012906234717239007 0.16799810909197505 
0.1592885275804815 0.8589900956005967 
0.693667023622332 0.3269070836804776 
0.570280835217341 0.41549213857247624 
0.20876223597576715 0.7304313986492195 
0.37585278961288704 0.9326441638207695 
0.4294991034248412 0.3133226433224696 
0.26704054710965064 0.601793690634055 
0.7489589871604458 0.3114880793982359 
0.5595501571314155 0.7161561055815664 
0.051649436075998145 0.2832074103988871 
0.37602575535201177 0.6415981924769358 
0.7301556484822115 0.5291312264365216 
0.0138440434217742 0.9013419657815095 
0.1287993473004017 0.10970083231263728 
0.7626091503179757 0.9838517314281119 
0.10536835399117828 0.6702577281432046 
0.4913120901994857 0.01766906626097381 
0.30238412701449013 0.9883067395914744 
0.6160872504660185 0.9055677255131865 
0.33663125837490515 0.622813271177791 
0.6571206599982788 0.23688531674425944 
0.7397273353668081 0.9149928739188422 
0.19298765745462382 0.15026718729924127 
0.6254628878530426 0.8277153054122602 
0.4626075732048736 0.6462142650269164 
0.8484293784187994 0.5204993073050823 
0.2873173614942095 0.11802959357303089 
0.016028178279381633 0.7033105857990778 
0.08665815968850094 0.44988923121919333 
0.6998200730404094 0.9600268834571977 
0.511240406664433 0.28131573741801025 
0.4008550775039932 0.7500382403945838 
0.7467299104990894 0.5817170971105728 
0.8133249575547339 0.2813758163515562 
0.04703448157523965 0.014626678242327162 
0.17976032449869356 0.2642629327836599 
0.9562337978619309 0.4310596853819065 
0.7403443544814827 0.018573999571635025 
0.9837586994287782 0.7580129560908822 
0.3365527150065638 0.45049613287061907 
0.19408797865956362 0.06435329455175803 
0.725417083452861 0.20391270200459072 
0.2712106505525548 0.5082689658055843 
0.33612053238820416 0.8159524883021296 
0.9586909115357514 0.9836298515249868 
0.1526626103133797 0.7204279664629614 
0.8326301443482922 0.836444214824736 
0.4783583024273902 0.42777252443304936 
0.013731827509442018 0.5379535992417837 
0.2749482774953246 0.845768081719606 
0.24365534289788693 0.7487714292480475 
0.47992257369692615 0.1469635644060321 
0.592111861960528 0.6476043937023658 
0.15437410389929446 0.04512787495870568 
0.45442230753021084 0.8629215443110754 
0.10169880907822187 0.240343891871225 
0.2210106178356231 0.8541247423130501 
0.45284130249452864 0.5900595129710902 
0.34702121169491906 0.045875168503670016 
0.08095026782709464 0.8844856624683075 
0.14631500001575704 0.44814379180776376 
0.4479276566808906 0.06937256535249542 
0.5652519872152079 0.8030333366476234 
0.9829983697248665 0.06476630228394153 
0.8944344104089177 0.9874971434154589 
0.9300958685942247 0.39985385171548404 
0.21079559077883286 0.5930255028663193 
0.9879208830621085 0.8460900767926439 
0.7574248173369068 0.6899559381046857 
0.12906443161984743 0.3074631618032986 
0.8452656161367298 0.7485487230388109 
0.9842299193751609 0.3798735747328973 
0.014845517481178072 0.9625758468044733 
0.9513594771171177 0.1967481785962859 
0.5858372977893249 0.3602032723772597 
0.7898150333688998 0.43955148990015996 
0.15549008800326236 0.3281434594513549 
0.11989285818853307 0.9882574550190741 
0.5741908673270931 0.4731170106054107 
0.23119411096565468 0.5145492208252525 
0.40454065860939825 0.9561705033235477 
0.9638953389254106 0.49679209141880226 
0.1160069429171065 0.8282129772372989 
0.32164659038640453 0.2568026687943736 
0.5010015098208913 0.9279683976616967 
0.20000009422639886 0.6755683303766272 
0.2942705252697895 0.9141962862398032 
0.11928991030392905 0.9041314035831929 
0.303153270547474 0.35209462339555875 
0.7895164258417234 0.8748232797424769 
0.47068586517782246 0.7107096607163147 
0.8846782168409657 0.9015044704330133 
0.8691613774734386 0.9670699892486248 
0.4804278203177117 0.6131011361711889 
0.18063204073097427 0.20249430773894472 
0.6217923895018862 0.7711383371458478 
0.6820891281451713 0.15082201058335715 
0.9104449542603075 0.7283428808393421 
0.5976366748003571 0.2549674599712335 
0.2821991762188012 0.03398054976820092 
0.42296931369982865 0.38699051977039933 
0.9160250928434939 0.515196934610413 
0.01022601091020009 0.12697826189947847 
0.9520735670031444 0.6329117361060419 
0.8062557543676345 0.11653973907611742 
0.9484788017035192 0.8024511065375858 
0.3627931301747255 0.1751779782046567 
0.3165088083320956 0.5663694954688971 
0.9087923736020458 0.23575862113210483 
0.3992471332890917 0.5218621169681531 
0.7526297259176434 0.6173786627844241 
0.17840489367838447 0.913360441532503 
0.8091704994899023 0.35091415382174107 
0.2730066675503801 0.45659661372823007 
0.6992907545753211 0.681898096924749 
0.5987647424191904 0.012106151115274078 
0.09257702705205079 0.7406509869635529 
0.16108132129126151 0.5330011645059544 
0.4538695748377908 0.3384993170675493 
0.34384718549224713 0.9870903027558087 
0.48665049470872723 0.18164631292005096 
0.8390766391289028 0.5892803217879057 
0.24828175617035197 0.7888185084073537 
0.25221220363903674 0.32534000781046524 
0.015723768571513586 0.6728526230838979 
0.7012429974986409 0.41170263340096847 
0.37812909282653867 0.5573125695427296 
0.5501454460370956 0.1798701820344477 
0.3568034337532544 0.7750466980241002 
0.9170148358857063 0.7983274254651025 
0.9571728385229249 0.6621536930717691 
0.6390752365024035 0.01630501142333779 
0.356849236908549 0.35811595052418377 
0.2276371002764342 0.6476980839867001 
0.3386679866874439 0.7217047011051052 
0.7939806341102564 0.016226017962035988 
0.5699479591750631 0.9893070212596191 
0.9313220952374223 0.05516667831152605 
0.8786022916598608 0.7421795733100572 
0.5496438047936042 0.05211226542734182 
0.10892566655727137 0.6199677842909956 
0.4210645882596472 0.7669131805141776 
0.2827480806737498 0.21310306264664353 
0.6416512029278527 0.9230378987756714 
0.6937120192259305 0.3637415158608688 
0.8762262932121117 0.4281944815221955 
0.228929790962824 0.378356944317991 
0.011360115026257944 0.8219505340228567 
0.33324878811058317 0.16591033434636937 
0.6333203116251522 0.7122259882251127 
0.43583404755159405 0.931908516076734 
0.9266071731998937 0.019281875265238446 
0.6329749168679474 0.44587192789664504 
0.7277375369620599 0.8572300899297872 
0.10252290271215242 0.9692380951259897 
0.4118391908337617 0.2861283538759006 
0.7043937030168338 0.5689848170696088 
0.8701463730309994 0.22632138293853588 
0.5280244359822991 0.6443261324546604 
0.5837732837630386 0.584491662800962 
0.12006761954952472 0.4441934843804123 
0.7634975839774669 0.2746936108031307 
0.6487320819421176 0.8902381362278414 
0.09418430093640756 0.1810730461819925 
0.8631124103138874 0.39453459100265337 
0.9648495114947726 0.3022173667731408 
0.9856480388038857 0.5851032566070371 
0.05517333847693323 0.16019183842675377 
0.39998115605151807 0.8940240114557767 
0.3417597021320302 0.3960469688010251 
0.1611706779127891 0.3859111934411895 
0.7745039993777849 0.11952428197813597 
0.8786648278733401 0.04180563211297911 
0.9419160089028806 0.3267332150793901 
0.9837713651466897 0.9302978250644093 
0.052861966315531195 0.7542927742449272 
0.713155345144986 0.07494121016921712 
0.5302062543911487 0.98290107914867 
0.04595141324957214 0.5946720434984439 
0.5264503537405699 0.03454498983175702 
0.3386901572918679 0.8449374788387327 
0.5085287154721864 0.5929876573458936 
0.19908903794545463 0.4547045592242684 
0.8314058452817548 0.548954563003289 
0.45488736957917836 0.458516322577122 
0.254945858705673 0.07868492113432751 
0.2568507300220009 0.4287707909119471 
0.7156270197264529 0.7195978010719054 
0.3386125388863547 0.5152144472120255 
0.958656794860377 0.13576926671563777 
0.3907217325295932 0.043345782794181886 
0.10567030445768594 0.5448552648814526 
0.1166660083480614 0.7144833652832756 
0.09954895992667734 0.10740192031137102 
0.6031824910440108 0.32043477162408635 
0.3449130499022978 0.08459518766335994 
0.6487661281282602 0.5049541565432101 
0.7364189154164624 0.4048327965348914 
0.03805652392776121 0.188261354718314 
0.6142414170901277 0.10495258327122531 
0.4270341663705162 0.17387169320625429 
0.07773879130643868 0.013044252707846149 
0.6594545357969819 0.26685391809804504 
0.32260383474251164 0.675753544881058 
0.7557234110904312 0.5183354932544133 
0.27755008293959355 0.946066154273142 
0.7790648809945778 0.18041935433082862 
0.8159133002690617 0.8126733421562728 
0.30206337625185664 0.6034688716257888 
0.5266714900550129 0.11284217408132374 
0.19072281216220693 0.5103489149888409 
0.2902443587168858 0.42142135033356354 
0.8657327997699967 0.14536189160615537 
0.6699943755531116 0.1819732419162592 
0.7685048710881097 0.46267660378687797 
0.47545702492557645 0.7455429421706458 
0.17558807037362562 0.9869550764813865 
0.881827236892053 0.635896322587196 
0.8987122287514331 0.5455201555182914 
0.4563028966703844 0.36785901778701635 
0.6973830758276176 0.9866015127245795 
0.5897779314681068 0.4984058803357565 
0.7794148587033357 0.6718668293770677 
0.953001055922811 0.23095157108725478 
0.8467604907249533 0.051470431841546926 
0.23659347423870286 0.927195600464388 
0.01624110938548523 0.3998878389466368 
0.6597964802041245 0.03770214706729641 
0.23505789403011385 0.986011435925461 
0.5157255410532324 0.25098048688522134 
0.5355558964429951 0.9071059977095632 
0.6685078043719438 0.34426437739939453 
0.49209455315528816 0.8484913949618629 
0.5998677012864614 0.6813647172248043 
0.26716907612881247 0.2699664716837645 
0.41755507371456413 0.6895450751224935 
0.1809910921216411 0.03857873806661427 
0.6478713699523033 0.20974427224281872 
0.9277956105319831 0.455544148887271 
0.4923870026687298 0.30016586310117366 
0.04814239507538831 0.525520517800157 
0.6666257279601914 0.566421488450178 
0.989093607903142 0.47793496927911994 
0.08790294087579276 0.8431816282229991 
0.9243790870566675 0.9051534390939578 
0.9859164523310567 0.1230009140430654 
0.09836847448652558 0.29471709653953826 
0.6473354484670162 0.6215378629867385 
0.527955181667705 0.7048446839705974 
0.398087272792987 0.32700828464001797 
0.9406224632062631 0.6894208256867939 
0.04293712894150625 0.07384763263408728 
0.2178672180434082 0.20181802238611035 
0.4560464791310119 0.12122191067473725 
0.20962701893969288 0.6238861637302857 
0.5397792372744603 0.8082438158425167 
0.17153878232028746 0.8266002549787926 
0.9646097633997897 0.9522781046974189 
0.8474467430566466 0.6895308087804742 
0.5068321423666842 0.4085007434266339 
0.7195098423688451 0.4951275003749661 
0.48594774843053723 0.7800787106424838 
0.5473638560502401 0.24343283407762534 
0.5527943188999811 0.49708829433032875 
0.7460987216766629 0.7436048711523108 
0.2017062711955942 0.4226626418699434 
0.8168508550993243 0.6969790508362103 
0.9257916207747678 0.11856904980450234 
0.011033717416857325 0.2072956104536703 
0.775019570997136 0.7906263528311864 
0.9023919454225424 0.10125738322227856 
0.6913222995883535 0.4686335857529059 
0.5639456711817724 0.7468237753405094 
0.7787374124206682 0.9049694928214504 
0.05098582518828887 0.2462133459992889 
0.14272282089678956 0.7982870292660147 
0.045200942975032465 0.8886930095469963 
0.37655202577292635 0.49859647786721917 
0.589868796581308 0.39432550973419633 
0.20977735475546783 0.9243138808635027 
0.3990705736733248 0.11943954375897275 
0.5478722281108938 0.14588789310922706 
0.06320811108325475 0.42883549597519244 
0.09083245299745019 0.14573578427418393 
0.22055306277074993 0.7050116252919297 
0.46226149621453433 0.23964683509849394 
0.16409897559913122 0.17219592682892954 
0.5752743896781091 0.4468649360608392 
0.6658385059015121 0.4527542970999031 
0.30563961642321696 0.4528039969076543 
0.8880542304429357 0.7920345116387892 
0.982253756832536 0.727403109382362 
0.90945614148416 0.3073125651334141 
0.7979717175916108 0.38268134998862535 
0.8675564642019917 0.3614106613147867 
0.453420687507719 0.5543148133831112 
0.07996218021314883 0.26057133974657254 
0.6279219227369353 0.12839039754339582 
0.27517673224639216 0.3426089993410686 
0.37313274514935896 0.8402739380180191 
0.08236429017769559 0.4818353885288466 
0.25476051817214085 0.13434747087746313 
0.6332203576325289 0.18200131072253994 
0.7350552064535627 0.9535820889342363 
0.9594402763462415 0.8513128351908981 
0.8903641805259689 0.8552799844076918 
0.06305555785367861 0.9551848817426855 
0.8571109740622929 0.6176349218726629 
0.12651888158898467 0.08035691731677341 
0.013507295176820311 0.47435647753980975 
0.9585324504075721 0.5585312391883701 
0.2090403156305129 0.7584794222565527 
0.7412543292009826 0.24457433070100876 
0.06738468777619516 0.3489141181309603 
0.11492901608429168 0.942038630515158 
0.6035234629347221 0.9810427952225481 
0.712859390968897 0.8893206493139293 
0.14089250166902412 0.4785343550954533 
0.017990168373386295 0.3034136454817156 
0.37621101576717275 0.6698694286727452 
0.5119251936514436 0.46970295389775146 
0.9592263517408288 0.3506903921586451 
0.769288696719026 0.7246245460204799 
0.5822544195478209 0.2911317657406412 
0.8012407610988899 0.7846763590921404 
0.30228923063893 0.8054622579554264 
0.688972118685997 0.11828886507984188 
0.6300875317466188 0.5321307341754644 
0.17077414346009773 0.5588375984576092 
0.885850896746972 0.17033217967515002 
0.5580741592183597 0.8337473739935568 
0.9491404061723878 0.7199731918965159 
0.8286655906705698 0.8713793288945666 
0.3104780674375152 0.13971483665790357 
0.21968560958563993 0.8184594008367017 
0.45297357142277883 0.8949475078402699 
0.7729918162218412 0.04014910380552478 
0.19931423484408 0.29070332615177696 
0.7392309962319779 0.15423104200265964 
0.10335289561726912 0.5807839950186733 
0.7232595354007887 0.04770810559014571 
0.3672049738977945 0.808880127700835 
0.5376801933630991 0.5418439019703034 
0.1904266725531819 0.34424572248316976 
0.3465227685752803 0.9052065167291834 
0.8356487562690069 0.1632104999896607 
0.38999371034106745 0.7804404768899299 
0.13528681648905738 0.686221482088552 
0.3903090288623993 0.3622399605250922 
0.7815538450504418 0.6058442565639648 
0.8466855499947775 0.9420759749864422 
0.3198306151270213 0.41973318954865335 
0.413247629763841 0.8544904937759015 
0.2601342725771102 0.5400567469639166 
0.5110867328336236 0.20124385653658783 
0.15885967722826722 0.6590570335016288 
0.722008271617242 0.6342495705291054 
0.2932799176278282 0.3178274152658081 
0.6789024468008059 0.7557075615002747 
0.38397428013030255 0.014248320095782363 
0.5830940660853342 0.9198722487240608 
0.30588593167261235 0.7574815592672204 
0.8589635842034961 0.18824680999511983 
0.01436002258644381 0.016720986537623717 
0.8071098787885997 0.47308863091835324 
0.07864822184137499 0.5513717001622003 
0.11123085349387729 0.20755345888609816 
0.6109164901456193 0.8493504278330639 
0.3244969590698913 0.9707509346669237 
0.8469051429503625 0.985283649487379 
0.2893384166661355 0.24692083614044474 
0.713671815487887 0.8227756571523983 
0.019776480447168565 0.989698877616531 
0.09502674172994824 0.7021262495230207 
0.6146908573050445 0.3789772662612743 
0.4622493513688226 0.833355319328811 
0.7102534798551534 0.9292394189483892 
0.5940967540868419 0.7192018161258835 
0.7632347473498304 0.011573951360469459 
0.2715265955407671 0.9849598255753119 
0.7173819190435424 0.6033327198510269 
0.05408131162394936 0.7837979198724188 
0.8371531903020316 0.24406214076635702 
0.5238119820286193 0.32774082437707175 
0.4283881392766429 0.09777820610291948 
0.9517795645924907 0.16915019515907753 
0.15582550985281984 0.10617530822005167 
0.2665923412316915 0.6311269026991888 
0.3721690612192396 0.45478512687210865 
0.9860145558943894 0.012653273227250905 
0.31014912260874783 0.8722413347019022 
0.5327409396680021 0.6081087302324777 
0.9238798268652967 0.6106992483601863 
0.37009162035273 0.6152736436951708 
0.8102159837500184 0.40928984530845913 
0.15412276940445263 0.14001708097450316 
0.03372141169284071 0.8419037588822684 
0.5125317301989316 0.7906225856725457 
0.1265654775298678 0.04905852997179788 
0.643512973484328 0.95875272542573 
0.8418097657364021 0.6466777385165629 
0.5239781385534761 0.9498276929922045 
0.5314248578586448 0.8462953870207695 
0.4065191201566041 0.9856098988229425 
0.75362969640584 0.6522787601970339 
0.17756863421087998 0.7748022824092782 
0.6548618143916343 0.8224979501511629 
0.655915071124922 0.5940987420419811 
0.24664473702284478 0.4855334992033518 
0.9884185545156028 0.5549053538675557 
0.9181185711192368 0.636940263835358 
0.08027572120543303 0.8095354298737415 
0.305511227281428 0.5119158415557336 
0.5697645270205841 0.20024442396290743 
0.325948579437489 0.3025909789299976 
0.8485341781141508 0.12305979818562435 
0.5661449030415405 0.07837236693526933 
0.23735058743213444 0.2696492787511387 
0.037762070454284424 0.10553973618035972 
0.1985974049371465 0.23034024523335356 
0.44468388329302805 0.14899617713708257 
0.8683585581667472 0.4849611131029466 
0.8099685923239563 0.5737438272765512 
0.0169062573500402 0.5752455459399198 
0.9263306111423951 0.21394673876034714 
0.6227908386859656 0.6501069483727699 
0.6278335504832083 0.08327943736466686 
0.2537755903154266 0.016765318402029605 
0.37354321835291393 0.1412484568321603 
0.05295793224909984 0.3869201540333095 
0.8645888795420049 0.5560657014575208 
0.6550339817439873 0.6506774987143769 
0.42311803821151095 0.5762719986780719 
0.7273419972344276 0.985549012199739 
0.9621745139972157 0.46544596890764817 
0.9399427414481569 0.8286992764202384 
0.3358981561950186 0.19609376222788644 
0.3712672073140201 0.10324569293204905 
0.3148672796221763 0.3841913715276141 
0.6934379255225234 0.7880872945018093 
0.9110325977961856 0.6994212192994902 
0.6395372229608265 0.3229024005462703 
0.04158241451341371 0.9309954235914493 
0.5017236569329165 0.7255023930969597 
0.5626038545865492 0.6539202483052107 
0.7804380078589459 0.32540506342102293 
0.40210072759446897 0.9245524148357334 
0.3666431371932589 0.528560343627499 
0.5799566251443226 0.15821803440355986 
0.01333958160295079 0.7362459062517388 
0.36018907202610106 0.9602967782336933 
0.484265638309471 0.054949522681076834 
0.5555315296548186 0.626922164333539 
0.16460025671801992 0.3572306199908819 
0.40887040341876196 0.6585345779896662 
0.24587812330775582 0.20714200755990647 
0.8381556531484293 0.30509667268279334 
0.10593199182045149 0.8697323275260114 
0.82723060524583 0.0137368810560487 
0.2584445063362399 0.7084005379859271 
0.17294666761035876 0.4303268906470736 
0.7925355288130672 0.08741846173587908 
0.010604990523002455 0.43749021902958435 
0.6748828691129719 0.3950755007370934 
0.1458168467218907 0.765252376466552 
0.9889438414820749 0.9755463969732876 
0.5587837173331432 0.3841266136058 
0.4214510482575715 0.056986012459547764 
0.37563649046103065 0.21499171396095212 
0.3414606388577144 0.650561270179455 
0.43099298257178176 0.8257499064190754 
0.4098590402031655 0.721624661377668 
0.05109984344757357 0.6288623254377831 
0.11333943119469081 0.012649253250111514 
0.16519378129613 0.24579025717324676 
0.5410099578966662 0.7725332101999736 
0.9574240244805784 0.3888720399470189 
0.6538684406287377 0.8523173668536116 
0.7891464627664228 0.9664482908583532 
0.4669927429615196 0.9536471734801596 
0.6303418219097315 0.40741007512784116 
0.48259455297508763 0.5463259530783222 
0.8502233268578101 0.45427873311882216 
0.2853954717560976 0.08571428461313918 
0.21822112695330725 0.12566994343156518 
0.9859279198775555 0.6295710901539825 
0.1530924714185573 0.9815861483661252 
0.18600422279786272 0.875910125933584 
0.9345081315657152 0.25538029299296905 
0.9311279086079745 0.7767726687405789 
0.988722188652442 0.09627970519110368 
0.14955559003367874 0.8908075947132486 
0.8846581485359672 0.521928015658857 
0.5993643740667431 0.03767680724958278 
0.14460767351106069 0.8332152316494067 
0.8761090714806228 0.9325924354692653 
0.8154447298970011 0.5071710427416019 
0.271185222187025 0.8155986876749898 
0.7094581880782047 0.14750241620071303 
0.8230861796889724 0.9276555133105322 
0.2937310531048979 0.5425968600477803 
0.8167264630888786 0.7251270532609624 
0.4366561367199903 0.4858756154851278 
0.4218310755482638 0.35082301311153646 
0.8016476486425455 0.538407315902962 
0.8229410614729191 0.13570365666373152 
0.4680225072748056 0.09423296091323446 
0.31083082615502455 0.031108110761029206 
0.6872866824180422 0.24898889528224893 
0.8397540163085992 0.21441219490961405 
0.7319103386622874 0.27825313320814016 
0.46516421442091105 0.48906579115940446 
0.7604711263735145 0.21447803618802913 
0.9274395361782377 0.14720567252572025 
0.19669299323679668 0.0930411366211572 
0.46964772042338837 0.39266018390175467 
0.13414544549544816 0.36882941421289195 
0.7133155719250279 0.23280621638594123 
0.5165720580349175 0.1400525000571488 
0.8208753529534432 0.4448635000540586 
0.26239507597439904 0.18209317093184785 
0.801655432608459 0.25777557889340585 
0.019801204169723086 0.2716773631259245 
0.9027905400112648 0.4350990579416888 
0.6909465697355389 0.28864231834007753 
0.7527539280945188 0.8850314838350215 
0.26535735034173746 0.9166034971003248 
0.6038676220921882 0.7995911309698511 
0.6491663629611394 0.15162309739712138 
0.4722106238500927 0.9226809921019514 
0.6464332275306892 0.7533552670083736 
0.8754151351907951 0.7155164217592935 
0.36804752346746833 0.0639038351535775 
0.7204495344619744 0.3417627892764411 
0.3565475315335713 0.01650073910412453 
0.368877947772004 0.7434338751818034 
0.9881490718665435 0.2439442983947362 
0.4548928930504814 0.04004135181094737 
0.07673777457971304 0.21820197479057613 
0.07017422376091076 0.18339609433356668 
0.9068523658235064 0.8830437950213492 
0.2462300793403815 0.5751989849462581 
0.013641869855590905 0.09321361825169366 
0.9318673504618029 0.08657711916651784 
0.3754925704454255 0.2994224806564552 
0.1422915968952188 0.6107081152101304 
0.18330028514808877 0.6060147381623674 
0.16382268067578676 0.2932659303766265 
0.5534577231910053 0.9338593330570992 
0.41586924405911696 0.20249536223811637 
0.8033419976143754 0.840905857707997 
0.5440077655277112 0.46294214627820307 
0.4201577106382577 0.7949834066122692 
0.35913488378638175 0.2491404163625653 
0.29648737649632734 0.9652771781931078 
0.32913546537622085 0.3444470022991257 
0.9425065401246181 0.9300901199578715 
0.4519237594205859 0.6182820019043366 
0.017162735020692932 0.873292001885766 
0.07678026984167802 0.6078077772413928 
0.337325929236079 0.5901282768348725 
0.4305300489672744 0.2554111879338016 
0.19950656429175545 0.014582263791404593 
0.5819159880105382 0.5518759738566933 
0.8976602805352136 0.8239635836655408 
0.18708926442658863 0.9542421498540762 
0.5423900609853737 0.6753978600582239 
0.4587705183165901 0.011481770165253202 
0.8024446887147724 0.15585454569136353 
0.5382402965978383 0.21653423239978714 
0.874516331140131 0.29022739829483807 
0.8662494928435367 0.07561315861882095 
0.016173926192474597 0.6421172960297367 
0.468347928635173 0.9824611278565514 
0.23720327653468942 0.6830257693474093 
0.838118515327869 0.27246631099032237 
0.13156938585423145 0.23933682439422993 
0.779046130527405 0.36131071288735034 
0.9877892088344333 0.2828320923889569 
0.48144303090091867 0.8817371532185767 
0.47960959714106544 0.2646022216848414 
0.6971181808396166 0.04214481960359412 
0.8727886993212062 0.3244505907872026 
0.39938708207625234 0.44092685820677646 
0.9316949525073923 0.9853700610324437 
0.07471649284511744 0.08533942274340389 
0.9604849042630438 0.7750409851533175 
0.19657535549786642 0.5376076757738876 
0.18591806555083562 0.3165148883663824 
0.4378716362648587 0.9632832851682915 
0.24841531811146045 0.8662450500236215 
0.9899960088245732 0.8957380796281789 
0.03517125565046314 0.8076760757937645 
0.6104103996526064 0.2087380627027614 
0.03126874737535029 0.1418290314160674 
0.5354111241514337 0.735656667784215 
0.5781205121998633 0.7783206927088893 
0.704986065223126 0.1774080473436475 
0.8664657643275027 0.7716839267253716 
0.8358794592751553 0.37457696527977746 
0.9338110985640105 0.36416137574661744 
0.9823450536696383 0.8178535318279792 
0.2924082644088547 0.6875661966126647 
0.09662423955927951 0.32887962222980477 
0.04377524093339247 0.6604284738212692 
0.5014355435417293 0.524167176978152 
0.588861258049271 0.8291538843241343 
0.6613978367537482 0.7221931818794787 
0.9899826733454968 0.5123547548924071 
0.45159753243718215 0.7721742152677114 
0.6727447242098334 0.9399483424994092 
0.5679621325587095 0.3235516042582631 
0.7504570006733271 0.49183703366708154 
0.15497504617412616 0.41424228332041985 
0.3083501298770652 0.6362762352110368 
0.5094838399915028 0.4385797158753788 
0.3958228955921391 0.2453602852542262 
0.6486303583495041 0.4772495273811396 
0.5687703891138097 0.26411234992169946 
0.25587862391355093 0.2357879743818131 
0.125814558656909 0.7394961186811169 
0.8670563736495431 0.5899333092730333 
0.7248544338321841 0.43976101066705414 
0.519942190292483 0.05994281502226129 
0.8856862482189277 0.25178543754033983 
0.6037115130225025 0.4286776812372024 
0.04823573957659877 0.6936522320093852 
0.28155860984933195 0.8806400318534926 
0.014783226269265759 0.2418094049379647 
0.7468685838439695 0.770810185133886 
0.057167857666169886 0.46405992721818734 
0.7185871103049521 0.6599618637767333 
0.03763138391653903 0.35184696014796046 
0.18677233126717496 0.6466101729378824 
0.6352910599837844 0.7983008548036912 
0.31267349623573276 0.714908559274731 
0.7473362471253805 0.18060840607800455 
0.38236356345762246 0.8685501531619049 
0.8084503877093516 0.31498403372308786 
0.3134789597429425 0.09721990792302126 
0.138972382704863 0.9594975994835344 
0.6196418772496723 0.7357957180499278 
0.48315744199598004 0.45885426293027454 
0.6887780009177691 0.7007758880199019 
0.549485072400504 0.8707373722803878 
0.45179786028759905 0.42460908768960437 
0.9402823959433712 0.7478769080178168 
0.7558056000576269 0.43617985806389115 
0.22738188421112582 0.4332950751340906 
0.5007805454372374 0.6308427346751222 
0.19502934701868496 0.8419040358906842 
0.3911217385181167 0.5902228127941189 
0.5384849276777532 0.271439253687897 
0.6624905125856055 0.6801880419274146 
0.33295413955489095 0.7507117289747205 
0.4425942037116962 0.7059175771042037 
0.13602269766713043 0.5543430586008268 
0.6095196629893758 0.346743189898844 
0.6104592833845119 0.2924446261934571 
0.2179469755527349 0.7859079894226462 
0.9390392990883649 0.8794839522403443 
0.7689365274325053 0.5420763149060336 
0.45900457302405484 0.17970757615649346 
0.21600971406198521 0.889313464242169 
0.6843821218978754 0.6569056218631798 
0.2282156678191974 0.3019859068190117 
0.2566038202184492 0.10722900108631372 
0.9008134066896447 0.9588961825788596 
0.4614195178452509 0.30845179320266436 
0.018351739710056825 0.5039619946441702 
0.23638103725650472 0.6074156258697734 
0.3605776551909 0.42404785156030356 
0.2629993307663099 0.3979749889326538 
0.3151998959918326 0.219108726210282 
0.8794660512298946 0.6897323310881815 
0.8938163237521939 0.35906604730770797 
0.7207550364795625 0.3063053429335406 
0.14452778936812483 0.19529082165398115 
0.8937477685879354 0.6067822836842717 
0.0384005266229383 0.7308172848708969 
0.16543693721219033 0.49500941451655195 
0.08356604275388024 0.5172511030440092 
0.05836886518131057 0.8589307415817393 
0.3763977522748372 0.984903599618738 
0.8195007196606754 0.04000532049731942 
0.03281352678806043 0.04147303494804094 
0.16540333282194342 0.07778140595283817 
0.9856044918981921 0.6617833363590944 
0.8102171372069955 0.8987739373710772 
0.8075818027034412 0.9909930875234327 
0.695324041641865 0.4387964195436991 
0.5216443246884249 0.010224972077718386 
0.9198142906869538 0.17935339745480072 
0.7859934936980301 0.6997459200497143 
0.12221966088025848 0.1418924106129807 
0.6099531141510235 0.9410449353412095 
0.489896867932321 0.813901104592256 
0.28926846097675657 0.48068488173408636 
0.8717797102092344 0.10723386938108892 
0.732194327765874 0.5564969176990605 
0.861870971972434 0.8438739357394277 
0.8619394337225704 0.8789371691505181 
0.4798153914941807 0.6656026989016507 
0.5147951267598244 0.8752212719763672 
0.6505944693482999 0.37770019126002713 
0.7464819370144367 0.8030319837568028 
0.6467970233006071 0.06594414889342287 
0.8871748462024858 0.45862200921025986 
0.6710962992355032 0.9801735171118227 
0.10786408165203376 0.4710947107442949 
0.7503377950625909 0.10002966834371102 
0.792252422312237 0.20447257020878534 
0.6176609219598289 0.49748719081245096 
0.04039689043493849 0.5569325598221609 
0.0964469028098992 0.038273582113746984 
0.9555018078474665 0.04356046801925839 
0.27169157647596803 0.7521762683080904 
0.5821816123861872 0.6122764152503182 
0.4098778679120657 0.49517586191037144 
0.7124325781190469 0.01256254808793611 
0.7583081440295034 0.3833350708791817 
0.4908475022588208 0.33167266149247354 
0.608434228704318 0.5800918196559932 
0.37257554538291604 0.8983286135587452 
0.7041008440793929 0.5205709890156822 
0.5564885931902009 0.5798636034483985 
0.2199638477935162 0.955458644772513 
0.5562027953377993 0.016705635014578113 
0.3911845544648921 0.1884215667411107 
0.7517545783723871 0.8310501326174583 
0.5931606037421449 0.08207224811166097 
0.5638075117904578 0.11165230618963273 
0.6045490334385566 0.5292823667877918 
0.8074910079148978 0.6063054584665035 
0.9123497837055616 0.3815110553908533 
0.7110623946693312 0.7563228550319112 
0.987845120592868 0.35401732277673736 
0.43018714768322386 0.5224255605032808 
0.79419583450639 0.7355083261085205 
0.08537653428092562 0.9443732162061511 
0.9219954268862922 0.6679680370718137 
0.21232454492737635 0.047819444873931194 
0.9588349394859104 0.07926888675582278 
0.21198789357406594 0.2637104156147606 
0.36018610032168463 0.5766970524721637 
0.08895356736496868 0.40929961033303724 
0.5379375133442919 0.08822523078448657 
0.28655676897102544 0.01040823715179695 
0.5545715896830212 0.9666734013081941 
0.128683115472136 0.6452694674550385 
0.9837589342312247 0.15473695021293798 
0.07178994085410323 0.303898953565971 
0.03591007501169008 0.4212871396936037 
0.6704944224566584 0.09105951775310572 
0.34959441370123545 0.684313256552036 
0.9852519714243211 0.03803723778438656 
0.5978147748487073 0.8812791383137972 
0.22758176444092293 0.4047145459344008 
0.8931701175184256 0.012509123860135918 
0.11557745620239335 0.269254286991013 
0.7147880763789153 0.10100280717828874 
0.3076467510124572 0.9420976864320911 
0.9816141190871821 0.4099546037257122 
0.4815681871760876 0.5783326808841285 
0.014643091301441258 0.9323152477810934 
0.3807974627319086 0.26914988228162107 
0.7767273338078808 0.24684823111259913 
0.4966848862363642 0.23170940384541766 
0.31945237654829284 0.9070183153420257 
0.9711880873375122 0.6073980637954314 
0.6287233799211855 0.8682283206213974 
0.937398982845713 0.29331139437380965 
0.3458334304740312 0.14563834604246145 
0.6213085267357504 0.23633708602757897 
0.9335443081124954 0.48239309771705385 
0.6594753822910169 0.5339497373480487 
0.042714354171934865 0.9735429959038473 
0.7894670105969639 0.6411274577461803 
0.10837869379788717 0.7963618816123454 
0.35460409273136956 0.4777238660058801 
0.9244278801636812 0.5765493349280083 
0.426163754818242 0.4511140921600007 
0.49467844202133576 0.6952666676280346 
0.668705992176863 0.30249180860793295 
0.6785836833478174 0.8815693274636738 
0.9811844918366175 0.21320911373062973 
0.3039416754666925 0.8364750907483058 
0.8359431037503859 0.7891314251655639 
0.16708292482346504 0.5841443842125462 
0.8228062184175524 0.07576007923092437 
0.7956320698735392 0.9336899641047085 
0.2548791362712375 0.3651527488334559 
0.8178623205775469 0.7603291043798945 
0.7829286774209108 0.2914714416547843 
0.13790191267258384 0.9256958939020852 
0.42491619747833487 0.8812507464822404 
0.5694624959507718 0.6877070953133211 
0.9298408849102462 0.5464087811302618 
0.01220265234074791 0.792247635889449 
0.532705097125828 0.3054773329128001 
0.20258531201556246 0.17525057347178713 
0.2018079018953709 0.5680792342736458 
0.26052827674190626 0.29876810289138533 
0.4246218455877094 0.13298263719086878 
0.32272743309805063 0.06485648563526519 
0.11362710529066616 0.5035210400638104 
0.9264059746977242 0.4242526069402337 
0.40302813657263054 0.6244414873546119 
0.4087140761031327 0.5515566448934699 
0.278225144576734 0.1533314824522954 
0.5260390740916193 0.5036179832867245 
0.6899972077032652 0.5968408564893388 
0.6147983688859702 0.15343760303703596 
0.36216106374810264 0.7104719980207757 
0.7702203724287631 0.07435723776525471 
0.09518006375390275 0.9144418531718161 
0.5280151235295633 0.38915795147451454 
0.06271299381073442 0.0463836124101914 
0.20702232859233183 0.4840316814577346 
0.661709862695976 0.7851500509030757 
0.7404848679200402 0.7187955500270927 
0.07328093440602856 0.6773202986773432 
0.9768698010349777 0.8748725994421982 
0.16776570033995697 0.01359728952507927 
0.24075365630481493 0.05071125874328436 
0.18221120941025842 0.712850293917707 
0.4460535187778712 0.6724925923048668 
0.7645018947128124 0.8572046446939214 
0.9062383447527463 0.04242644958362496 
0.8153361083790827 0.6644227691220641 
0.49769853579251583 0.9585244366266611 
0.5546788730630321 0.34948007714427454 
0.08412212969899474 0.7748898280504517 
0.3700832838348386 0.3896797614059818 
0.2025631343016297 0.9831894028711398 
0.9432525833121805 0.5184965313063695 
0.4436489310236617 0.21449421329543988 
0.2460111661991261 0.8313493075263455 
0.4921007389735158 0.1186314429963391 
0.12539441076551833 0.41934275691104184 
0.6301093154764349 0.26667416892735174 
0.015366338454404382 0.33278072535404757 
0.2673213184866857 0.054729124202063606 
0.21064285642622893 0.3626955046559289 
